1    0  0.056  -2.106  1.289
1    3  0.275  -0.779  1.182
1    6  0.585  0.71  1.256
1    9  0.962  2.377  1.527
1    12  1.375  4.418  2.032
1    15  1.806  6.653	  2.804
2    0  0.046  -0.887  0.792
2    3  0.176  -0.081  0.755
2    6  0.333  0.897  0.824
2    9  0.511  2.111  1.033
2    12  0.714  3.636  1.436
2    15  0.946  5.495  2.102
3    0  0.031  -0.553  0.525
3    3  0.224  0.369  0.531
3    6  0.431  1.463  0.651
3    9  0.665  2.881  0.938
3    12  0.932  4.664  1.452
3    15  1.199  6.437  2.166
4    0  0.024  -0.409  0.384
4    3  0.178  0.37  0.389
4    6  0.358  1.389  0.503
4    9  0.586  2.82  0.791
4    12  0.845  4.415  1.269
4    15  1.107  5.959  1.913
